<?xml version="1.0"?>
<opencv_storage>
<Center1>
  738 1576 916 1394 1108 1350 1280 1307 1903 1129 1934 948 1958 776 1991
  604 241 584</Center1>
<EndPoints1>
  829 1584 767 1534 649 1568 709 1622 992 1403 939 1363 843 1386 893
  1426 1181 1357 1122 1322 1037 1343 1093 1380 1349 1313 1289 1282 1212
  1300 1272 1334 1879 1081 1866 1154 1928 1179 1941 1104 1908 900 1896
  977 1960 998 1972 919 1936 736 1926 804 1981 817 1991 748 1968 566
  1959 635 2015 645 2025 575 227 567 225 600 257 601 259 569</EndPoints1>
</opencv_storage>
