<?xml version="1.0"?>
<opencv_storage>
<Center1>
  2157 1557 1723 1479 1579 1392 1454 1313 706 1033 1023 1043 1024 869
  1021 707 1026 543</Center1>
<EndPoints1>
  2068 1544 2167 1602 2249 1569 2147 1516 1643 1467 1715 1519 1805 1492
  1731 1443 1654 1402 1591 1360 1507 1385 1569 1425 1522 1323 1468 1287
  1389 1305 1441 1342 720 1019 693 1023 689 1045 724 1043 1057 1003 990
  1010 992 1086 1057 1077 1058 829 989 833 992 912 1059 905 1049 673 992
  675 995 742 1051 738 997 510 999 579 1057 578 1055 510</EndPoints1>
</opencv_storage>
